Studio,Start time,Classes,Instructor,Sign up
ILD Queens,18:00:00,Untouchable | Itzy Part 1,Maylin Ramos,none
ILD Queens,19:30:00,Sweet Venom | Enhypen Part 1,Ness Martinez,none
